443,457,360,148,37,101,455,8,383,465,365,52,364,426,293,248,
101,393,269,130,67,8,452,30,27,174,469,91,352,435,416,133,
251,495,363,386,28,215,496,91,256,10,165,128,224,491,189,20,
327,440,232,394,354,246,482,41,10,321,229,94,411,495,10,128,
422,434,164,371,485,26,161,477,240,314,107,145,374,142,221,371,
237,345,148,293,53,465,86,180,65,221,396,329,238,245,24,46,
318,299,411,289,144,479,367,500,242,437,405,340,83,344,365,282,
324,309,219,69,367,91,370,421,193,81,344,344,220,377,323,406,
256,206,251,11,73,246,356,181,32,454,219,11,306,296,490,119,
367,80,474,147,145,207,31,39,256,344,481,208,64,472,453,228,
471,106,440,461,375,258,249,251,149,146,339,388,180,392,244,195,
36,354,320,290,160,156,139,369,191,189,46,166,162,122,305,393,
113,23,137,266,125,22,163,81,18,215,168,179,406,351,382,80,
94,104,88,224,423,299,118,61,416,476,165,398,277,211,394,84,
42,266,195,21,292,75,343,242,286,486,418,241,191,466,306,190,
125,232,81,324,183,404,147,354,322,179,450,285,135,31,79,17,
353,93,85,215,116,389,283,450,471,184,86,53,306,494,332,373,
72,168,281,124,240,150,281,328,489,308,309,327,55,161,423,10,
293,10,249,483,143,348,242,310,310,247,87,435,120,426,75,424,
37,285,296,260,373,344,224,239,136,169,276,347,222,477,28,366,
61,347,349,431,409,29,57,84,376,350,200,270,79,490,301,237,
160,423,280,37,204,418,82,336,67,175,296,480,120,116,389,31,
500,197,243,146,123,290,314,286,226,158,282,410,27,428,280,379,
280,493,208,219,342,136,494,127,155,306,454,173,149,427,216,48,
49,315,413,226,495,203,11,434,156,229,166,93,301,4,443,309,
491,273,195,295,175,452,372,448,323,267,4,202,377,377,426,383,
218,210,79,60,447,458,496,55,365,151,264,424,6,408,53,447,
421,479,373,114,21,178,71,182,462,149,368,475,136,327,212,301,
124,43,218,41,416,105,58,219,440,130,335,186,6,227,167,311,
174,431,357,297,487,412,394,448,414,43,116,340,198,425,393,253,
309,352,388,443,155,197,476,130,332,175,393,121,20,423,228,452,
234,140,453,91,449,104,169,386,9,378,369,125,450,87,491,397,
243,42,51,11,89,260,467,220,379,75,143,286,482,185,446,401,
419,313,339,417,67,63,131,248,185,404,325,467,450,230,360,84,
331,2,78,300,141,193,403,98,96,465,146,130,257,409,246,57,
383,343,47,126,4,95,263,310,123,383,115,42,40,484,433,356,
337,211,343,297,444,409,319,352,271,299,110,52,96,462,268,42,
220,253,400,360,96,467,15,107,82,165,359,387,41,214,181,223,
235,214,367,489,413,143,328,266,497,401,163,112,151,364,200,108,
326,33,382,294,147,194,313,211,168,401,413,178,465,32,169,479,
271,415,461,183,105,405,293,158,112,39,378,254,474,169,305,463,
59,338,462,373,157,83,200,358,386,422,240,43,474,311,204,57,
45,288,155,433,129,223,127,82,334,377,476,478,200,32,238,136,
313,294,271,42,52,196,378,472,275,422,9,379,135,131,29,193,
252,79,259,25,389,128,55,419,5,119,408,273,152,429,23,410,
289,266,261,365,183,432,1,195,467,293,211,491,412,107,88,58,
413,232,254,58,395,166,329,170,330,120,153,185,231,264,385,393,
256,260,47,415,420,221,161,189,419,193,376,137,133,131,206,393,
443,475,212,359,69,142,359,213,226,23,405,209,270,291,180,58,
143,84,66,170,325,324,72,404,489,55,28,94,276,383,207,437,
100,258,493,7,308,400,253,431,283,343,128,103,465,265,398,141,
296,305,301,97,313,23,396,64,418,44,36,250,308,303,100,451,
396,435,195,200,83,467,312,215,104,487,57,465,436,18,436,494,
350,228,2,346,109,47,485,265,251,300,148,138,23,286,446,233,
12,413,122,315,102,22,184,142,185,119,494,191,9,389,358,12,
23,30,327,279,5,99,320,208,138,199,408,488,272,10,399,129,
92,158,357,128,489,37,301,199,411,3,498,448,423,349,105,208,
302,194,40,329,367,144,176,14,67,193,451,298,291,16,119,55,
347,160,395,59,38,155,118,183,110,163,254,482,267,266,216,89,
133,441,160,25,408,226,254,4,52,279,450,338,402,129,1,479,
170,497,104,82,383,74,195,456,366,24,288,140,113,160,476,415,
313,83,405,272,211,53,416,349,55,277,326,4,480,450,225,192,
498,425,341,244,17,442,244,476,88,342,55,26,11,131,472,492,
325,394,95,256,396,267,436,452,357,122,367,344,338,99,251,485,
293,16,162,353,225,452,436,222,402,162,68,112,189,260,40,174,
85,451,212,279,110,350,467,272,111,134,276,279,212,295,62,228,
356,378,27,255,267,410,66,374,379,268,174,393,264,171,322,117,
277,144,196,407,248,330,69,68,455,121,272,232,408,344,140,13,
164,242,486,334,124,27,177,331,274,469,152,99,9,70,18,242,
355,159,456,490,377,341,37,245,126,206,189,267,110,430,380,280,
183,474,10,107,192,479,119,12,346,249,129,82,83,206,352,418,
205,312,250,64,403,257,421,270,289,405,296,95,363,126,219,442,
308,174,365,396,183,363,414,457,414,41,323,359,358,2,29,404,
140,54,409,488,58,50,465,158,289,86,198,329,289,154,449,101,
298,110,140,125,39,497,145,323,342,378,470,327,373,84,255,369,
198,129,499,186,439,468,178,216,103,25,44,223,374,145,437,388,
199,288,467,429,312,436,79,22,261,278,91,117,105,28,318,444,
335,274,155,233,196,366,15,469,111,362,286,396,62,53,338,263,
476,60,319,118,474,53,484,65,50,388,105,267,370,144,303,105,
137,59,220,164,330,61,356,216,4,188,377,468,387,57,268,154,
427,50,76,371,361,137,47,194,339,119,215,24,165,153,442,347,
153,366,428,96,57,104,106,226,491,282,105,197,411,71,190,407,
181,429,427,260,143,263,22,432,223,404,205,230,56,360,108,385,
291,81,299,292,299,324,271,311,314,96,416,296,376,157,93,110,
103,364,177,74,425,90,23,428,105,180,386,377,335,341,237,150,
364,367,290,15,70,243,55,455,233,216,293,11,172,105,306,19,
30,106,295,437,3,272,275,190,149,343,137,289,451,378,340,340,
439,159,250,453,206,69,180,407,53,320,480,222,195,429,147,294,
440,447,11,486,210,162,319,342,255,320,472,197,397,93,288,247,
50,445,292,444,298,58,16,482,387,127,472,361,43,238,484,14,
332,280,180,151,40,90,118,15,252,468,329,248,320,269,202,442,
440,471,313,23,487,121,362,30,316,354,343,198,281,428,416,35,
418,308,461,361,341,141,87,216,165,50,49,102,90,328,39,420,
91,393,437,485,280,31,446,138,266,230,284,371,170,35,37,387,
473,351,387,3,371,453,29,323,207,62,163,96,467,358,6,365,
85,140,83,486,392,241,141,129,429,464,246,207,409,300,408,185,
423,169,256,256,433,489,300,345,382,492,146,499,355,16,372,430,
372,31,27,139,394,58,61,436,25,284,433,44,124,121,264,118,
251,470,136,169,482,178,306,114,293,117,78,357,304,337,126,332,
290,129,488,115,76,241,173,138,228,199,109,453,261,141,187,136,
301,396,273,313,320,122,389,197,126,175,267,239,357,255,205,274,
428,254,450,373,443,430,187,273,465,232,235,434,365,101,355,142,
292,64,103,121,252,487,183,286,134,459,313,230,307,130,254,36,
54,325,1,410,351,192,81,181,3,384,381,150,224,235,275,435,
452,298,166,452,306,253,113,168,152,428,407,67,292,329,82,241,
414,342,111,175,75,462,103,354,131,245,125,71,403,397,27,340,
493,203,35,27,118,425,188,276,409,385,309,261,284,404,93,408,
305,139,143,433,166,146,314,162,202,151,70,38,449,370,227,275,
324,312,255,337,131,98,72,462,180,155,129,149,142,39,393,332,
406,354,169,357,200,350,234,333,439,362,377,480,210,167,467,272,
1,448,230,243,371,176,312,68,427,388,302,217,215,244,321,427,
440,439,111,441,430,242,467,151,206,40,201,276,384,30,490,85,
122,58,84,300,404,233,287,30,458,5,12,391,378,67,61,109,
442,56,305,137,175,31,166,89,81,246,357,115,410,197,253,227,
281,291,394,145,474,267,436,127,124,259,143,126,300,321,422,290,
131,54,323,34,364,325,132,295,383,323,245,255,177,231,135,401,
209,468,44,155,179,67,32,233,140,260,366,398,99,68,441,454,
221,145,9,235,47,7,272,359,491,266,440,246,297,191,206,431,
222,384,231,140,444,90,463,236,191,403,445,468,12,348,103,146,
226,168,198,88,351,442,169,411,130,421,219,151,51,420,361,105,
50,419,268,71,233,6,188,177,165,170,244,107,67,221,367,21,
414,163,312,416,35,110,95,135,137,249,22,331,416,384,51,264,
177,119,441,409,239,20,278,479,437,18,126,150,335,198,122,98,
83,337,80,112,259,192,145,114,234,155,185,359,107,325,149,295,
322,110,206,411,311,280,79,33,240,79,492,98,44,153,463,56,
334,364,365,295,275,498,367,242,3,269,277,77,340,81,298,223,
40,29,496,350,87,457,225,124,80,452,148,37,27,495,437,332,
97,69,174,171,499,208,300,76,363,257,432,338,258,430,421,85,
37,418,238,38,142,495,195,117,57,291,241,470,229,155,78,81,
118,192,482,425,224,41,418,415,116,267,28,235,311,438,101,266,
184,289,18,222,499,119,127,251,197,432,123,354,286,429,59,399,
84,301,143,301,179,283,117,1,52,19,411,461,387,219,326,296,
441,67,45,195,76,45,121,55,96,38,350,196,398,491,335,257,
120,341,429,166,384,160,230,266,71,75,489,324,300,194,259,78,
416,96,469,388,481,242,171,322,153,476,266,365,82,20,494,199,
126,160,384,121,2,181,144,278,4,54,284,447,126,186,408,15,
336,15,299,60,411,281,10,412,150,112,16,246,203,414,117,299,
495,474,310,41,400,177,67,322,310,323,234,51,27,143,450,265,
420,382,248,432,108,121,108,254,45,364,408,389,251,484,480,378,
155,350,457,419,342,445,118,85,308,183,294,335,334,296,283,180,
271,220,46,280,71,81,148,303,123,67,444,392,354,332,127,25,
344,164,358,372,46,204,468,476,491,148,44,49,128,169,365,38,
297,28,45,399,35,461,488,493,103,101,316,126,137,114,468,471,
494,381,305,493,6,247,216,164,256,439,168,442,495,287,430,319,
61,154,445,376,473,258,429,168,107,261,7,421,338,101,211,43,
1,129,492,384,267,243,427,99,380,287,1,149,34,87,405,393,
319,138,337,409,147,171,328,18,107,192,344,141,183,146,457,378,
217,34,325,454,350,167,289,164,7,468,238,162,179,292,370,280,
326,390,422,61,387,488,246,130,278,299,102,327,185,148,268,230,
107,221,489,47,36,84,160,245,79,478,350,382,91,37,77,409,
325,59,188,469,7,476,124,422,4,441,440,327,112,173,346,266,
434,198,399,85,218,163,177,291,115,98,62,125,344,65,487,162,
258,138,216,297,66,327,303,472,10,377,237,281,319,372,297,81,
329,402,81,91,498,482,367,454,167,308,63,76,435,447,445,185,
217,180,459,212,405,207,178,258,155,44,59,417,108,375,126,495,
332,240,260,448,110,308,250,362,340,209,394,261,223,345,443,213,
315,154,181,58,125,201,262,443,413,246,1,455,98,72,221,168,
186,389,50,261,48,469,49,107,22,146,318,98,434,75,40,365,
210,381,452,310,364,163,241,467,259,397,430,8,480,191,303,211,
455,409,190,350,186,424,154,63,291,439,14,124,412,102,125,459,
32,203,434,12,337,454,295,34,312,410,363,384,245,36,360,407,
129,68,366,22,239,391,210,392,326,227,192,103,477,172,5,52,
12,14,252,322,28,178,435,346,297,420,170,453,388,39,464,226,
21,48,282,464,180,102,454,58,112,473,268,480,326,463,75,64,
367,62,221,76,119,362,140,362,8,487,198,376,342,479,327,69,
463,405,346,150,92,203,117,226,389,237,407,276,27,451,298,194,
472,292,388,11,86,293,344,17,375,474,95,298,203,497,84,357,
264,228,444,465,244,72,108,112,338,486,437,349,265,196,181,202,
493,447,192,280,493,5,105,156,285,469,467,124,363,21,64,90,
238,70,197,8,74,405,286,270,477,422,416,286,155,79,442,464,
23,3,175,451,433,380,16,482,21,342,356,327,242,387,148,451,
324,54,2,140,367,258,311,293,35,291,312,47,306,222,265,349,
333,391,286,381,287,343,366,410,94,401,374,46,38,118,214,391,
374,377,128,189,430,338,80,12,429,326,216,273,331,364,133,339,
224,283,353,398,337,16,17,423,58,48,153,160,202,331,344,499,
91,27,256,176,7,410,50,349,493,168,296,202,213,249,148,330,
435,257,372,303,132,442,489,87,276,455,345,307,92,51,134,447,
300,309,391,272,483,107,267,489,321,446,202,91,263,375,395,350,
184,481,297,214,86,116,498,403,90,205,235,220,2,236,240,394,
185,311,407,161,133,85,158,411,342,315,361,433,436,231,194,121,
40,376,419,323,348,204,91,122,193,484,71,177,447,388,26,289,
297,285,196,139,26,261,47,305,348,16,385,339,215,295,208,378,
266,141,113,351,195,201,188,129,227,67,47,338,31,76,477,415,
20,461,320,93,97,82,70,63,53,105,138,4,92,12,488,312,
30,260,455,158,197,130,420,10,201,419,446,36,263,51,359,305,
491,500,129,126,248,361,195,138,417,21,125,36,37,124,286,71,
251,325,455,238,173,435,490,267,473,328,392,357,241,400,402,415,
268,133,27,398,342,57,359,127,371,120,470,389,2,14,204,230,
53,46,472,250,59,400,468,413,334,377,432,265,460,7,398,251,
212,353,294,187,70,131,306,52,435,430,136,212,142,15,317,398,
262,288,109,473,430,254,10,188,293,268,129,136,162,367,444,417,
378,145,191,377,455,449,347,397,135,2,210,16,139,393,35,390,
188,112,348,162,299,358,422,364,461,150,427,449,163,75,365,251,
238,123,126,274,191,184,274,284,180,345,298,427,69,131,62,467,
194,322,276,246,37,270,406,235,55,37,195,474,339,345,82,377,
33,17,75,95,400,305,67,462,424,72,478,287,464,177,120,370,
173,198,266,68,394,470,25,131,261,413,197,244,451,334,267,61,
33,168,74,348,99,320,486,328,198,491,90,197,155,131,17,256,
234,478,126,359,220,164,80,176,48,472,235,252,221,126,50,229,
177,318,38,130,365,162,152,132,495,54,69,87,118,265,128,161,
267,232,42,166,68,320,301,170,29,108,57,466,413,44,25,424,
85,432,86,378,118,79,424,38,40,127,26,219,289,392,130,412,
20,278,432,359,465,346,380,134,285,393,19,481,233,128,269,226,
308,441,78,91,465,256,411,107,287,171,414,31,489,414,262,314,
293,259,460,485,429,488,156,181,169,389,398,276,371,460,486,445,
483,256,324,42,392,124,114,217,160,394,179,345,318,266,153,64,
182,114,455,81,96,91,96,412,48,443,475,337,482,79,460,58,
284,283,77,383,384,439,296,220,2,164,411,120,294,317,231,327,
288,364,143,162,121,270,491,303,497,235,363,217,350,147,390,295,
204,137,318,312,473,297,28,229,210,122,238,297,155,450,327,267,
128,413,207,453,241,221,164,149,451,31,285,124,287,273,257,376,
124,343,343,454,406,159,9,270,457,496,121,47,405,109,217,155,
461,15,313,185,415,3,311,489,194,160,227,69,301,59,158,172,
268,398,434,97,142,356,60,125,426,181,324,40,247,430,175,90,
84,369,294,452,9,493,441,324,378,144,180,85,173,448,282,99,
208,169,354,445,7,433,71,228,182,414,442,57,236,99,104,186,
388,471,254,95,265,179,286,110,357,403,378,318,466,305,457,478,
466,30,386,293,296,490,365,226,154,337,379,209,336,134,482,213,
5,158,362,186,49,231,169,396,12,209,178,263,216,392,146,218,
104,132,482,295,279,319,361,459,213,384,241,150,270,13,216,336,
134,165,180,150,284,321,96,209,443,63,239,494,158,378,48,289,
296,455,156,284,246,284,377,57,12,17,226,65,316,269,499,44,
132,397,437,376,392,498,477,292,420,17,369,279,21,453,473,89,
420,135,473,160,85,428,222,6,169,41,425,170,167,207,35,292,
434,170,62,151,435,158,188,69,148,343,11,269,499,397,380,322,
371,199,8,125,371,48,94,188,400,235,140,26,151,411,222,209,
5,13,493,391,1,44,49,312,222,265,455,378,103,82,97,300,
474,431,51,498,28,387,489,6,262,72,66,189,321,137,178,92,
271,235,412,91,57,418,13,44,384,321,232,393,224,333,292,485,
149,140,83,162,343,284,289,262,342,298,33,433,310,338,117,426,
253,150,306,482,446,91,51,220,93,165,367,299,392,486,478,176,
323,328,32,235,294,383,232,356,45,8,12,316,157,146,308,445,
76,369,151,51,175,54,432,391,197,351,80,44,458,113,227,27,
320,67,127,265,131,160,302,54,474,165,208,105,284,485,163,218,
295,398,420,119,74,254,21,38,53,189,121,60,339,314,274,177,
278,476,441,359,44,297,400,133,413,223,218,3,276,347,162,313,
190,221,429,204,25,189,217,322,241,410,490,110,393,326,2,154,
414,194,130,247,373,105,400,178,240,417,437,486,222,452,460,378,
376,290,228,232,379,135,243,442,144,192,449,203,200,247,106,307,
111,248,39,311,304,401,126,64,228,109,357,390,120,93,176,178,
90,107,494,392,168,42,45,83,149,285,438,307,393,221,371,117,
253,293,170,380,17,455,56,333,428,40,185,219,483,331,472,345,
466,382,279,328,148,136,464,143,65,32,416,446,63,53,28,272,
384,375,291,425,386,389,327,138,251,238,104,269,60,173,362,301,
472,339,435,304,474,31,251,492,176,51,113,375,200,18,197,446,
288,285,361,139,179,476,45,151,298,303,414,477,147,292,54,41,
456,464,220,260,356,140,14,17,195,430,46,495,410,346,77,432,
496,489,377,417,366,286,235,394,147,241,306,447,136,385,300,303,
494,166,175,304,181,259,219,233,377,374,259,199,190,125,397,136,
397,347,437,112,369,493,280,35,370,338,387,11,330,414,320,203,
108,89,183,303,85,52,214,298,474,250,482,169,231,82,163,265,
151,379,337,434,465,41,316,454,181,331,435,460,129,142,442,213,
236,426,105,401,252,193,142,199,130,4,320,324,89,47,486,232,
405,444,229,310,235,225,210,138,423,79,337,12,277,470,197,189,
388,388,424,482,84,6,323,477,191,218,209,62,259,459,417,483,
34,469,67,315,301,328,215,86,295,494,64,33,468,499,366,164,
348,443,428,194,258,254,114,364,364,436,62,346,310,416,232,35,
132,79,430,180,454,408,207,301,152,374,323,71,453,428,376,252,
196,89,428,479,278,116,324,114,352,469,397,381,170,112,481,174,
52,209,279,275,425,289,21,327,350,252,157,159,197,118,102,474,
195,149,241,109,89,268,297,225,296,166,74,110,118,449,291,418,
422,66,398,142,410,379,231,39,416,135,304,264,150,467,123,183,
338,148,264,305,497,406,335,26,48,423,191,275,311,169,259,395,
170,210,115,24,120,160,261,223,436,249,27,492,51,175,64,373,
200,93,479,115,382,380,485,148,268,475,75,37,189,73,270,276,
141,408,129,18,74,205,135,165,237,43,240,182,84,289,1,459,
352,54,241,71,476,390,480,278,102,191,228,309,42,124,5,227,
267,138,387,415,289,395,375,230,334,475,20,475,39,312,481,100,
44,158,9,163,374,322,286,461,488,376,110,126,497,392,241,117,
163,79,234,342,222,486,183,359,214,269,233,44,158,111,201,360,
157,181,98,163,379,433,94,235,350,317,177,483,397,40,307,450,
449,330,31,334,370,167,398,60,130,453,468,449,38,356,48,428,
51,57,64,91,461,58,309,272,420,206,174,441,292,72,293,472,
290,426,446,434,493,162,92,160,324,121,408,410,264,150,289,152,
9,58,343,156,37,395,395,145,204,414,306,98,169,39,52,444,
422,249,437,180,72,281,170,145,496,427,234,210,360,259,350,151,
491,37,267,297,151,186,229,10,430,423,274,38,294,9,259,37,
323,190,248,219,79,105,250,497,377,152,264,381,444,376,175,44,
38,382,48,164,439,174,59,499,146,43,142,292,193,356,155,58,
149,354,23,216,70,476,341,442,114,188,339,422,40,65,101,360,
88,447,483,289,407,336,439,470,166,85,397,200,249,269,377,406,
188,423,409,183,424,225,466,194,184,413,23,120,353,285,348,153,
259,300,172,69,166,301,242,146,386,178,262,30,177,381,263,89,
391,323,225,486,112,86,386,124,238,151,434,279,116,334,392,142,
204,454,317,367,293,313,494,348,323,470,445,412,157,108,432,353,
180,197,54,22,127,49,463,343,442,184,322,149,278,50,127,359,
87,319,112,475,450,341,323,493,74,65,387,450,241,384,114,205,
424,225,177,242,40,290,317,400,268,461,106,291,40,97,75,37,
130,477,125,343,488,418,494,275,347,441,58,433,14,420,155,18,
154,266,489,16,432,75,20,34,487,402,408,347,17,181,460,405,
372,330,251,289,309,242,349,308,50,493,27,494,444,202,30,239,
150,452,404,289,193,137,172,288,305,23,240,93,44,386,301,417,
480,475,411,398,70,326,144,466,275,223,485,416,175,45,76,112,
91,482,331,447,293,440,84,183,241,46,490,319,488,308,176,374,
494,148,264,258,79,62,361,197,111,385,67,341,12,139,242,169,
411,52,108,427,300,37,436,362,288,142,457,413,406,16,208,297,
256,235,467,430,355,273,218,178,348,87,468,7,94,270,118,496,
452,296,128,144,343,106,274,282,141,259,224,489,346,139,134,227,
166,1,160,236,113,108,329,71,223,263,48,399,48,473,137,16,
182,10,302,112,210,230,86,185,117,271,234,56,479,86,7,285,
441,10,27,442,231,499,114,104,299,499,129,338,468,142,285,341,
171,213,261,443,322,135,324,53,289,291,485,425,43,300,157,76,
99,400,139,193,166,444,66,477,419,234,485,487,460,155,30,255,
469,52,203,302,149,358,52,191,364,308,317,458,326,85,281,369,
183,69,356,354,162,118,16,336,217,238,77,379,216,59,422,260,
274,227,262,159,324,264,441,162,6,119,239,453,410,202,171,5,
192,489,144,222,156,454,100,380,186,99,89,18,18,252,237,293,
295,164,246,151,250,102,381,299,346,277,315,156,462,78,161,51,
316,398,233,287,345,348,391,238,134,376,201,80,30,466,440,425,
307,393,437,400,184,96,280,139,161,499,240,323,210,246,380,367,
196,350,23,128,153,281,51,237,129,432,225,236,40,285,147,440,
41,335,446,86,25,37,39,216,116,412,426,383,210,262,31,175,
47,289,80,402,280,271,407,416,289,436,309,15,380,452,178,201,
160,247,139,203,50,107,352,475,123,121,90,301,153,134,202,287,
223,76,466,359,134,473,165,42,217,267,51,306,154,416,429,493,
353,82,139,129,399,34,135,231,51,311,493,384,162,169,272,363,
165,292,247,479,345,194,398,273,225,352,441,30,342,168,278,259,
186,413,121,239,467,212,333,13,466,408,480,484,102,373,341,14,
371,383,303,113,79,269,79,110,164,197,159,310,130,181,194,329,
196,410,481,163,293,448,457,6,446,300,118,129,80,175,271,71,
424,3,59,321,260,315,391,20,136,433,353,431,94,161,273,201,
57,379,175,449,65,268,35,424,196,76,135,153,119,261,38,32,
386,210,484,256,221,238,259,237,396,309,405,35,420,323,158,92,
105,457,357,68,119,216,449,380,289,57,452,137,482,44,137,28,
331,87,401,258,161,270,493,455,269,317,1,83,343,38,311,120,
60,8,446,168,264,258,318,244,440,371,75,243,316,156,346,35,
40,44,405,451,60,52,369,308,476,308,104,268,147,490,361,113,
342,14,488,258,139,245,230,167,445,211,339,281,482,90,203,350,
400,494,39,193,66,468,213,165,176,194,233,83,113,133,57,160,
97,281,498,293,138,210,395,28,116,398,79,48,69,203,169,79,
480,99,362,341,478,323,392,416,219,366,64,77,158,439,6,447,
22,362,243,432,294,324,265,332,499,37,331,104,363,233,486,429,
471,357,434,95,38,114,245,290,154,178,228,478,211,90,444,352,
185,237,444,90,16,273,477,159,264,35,413,79,124,81,252,346,
190,201,70,438,497,206,456,237,477,29,351,355,393,475,195,106,
216,130,388,124,466,206,324,28,80,53,51,235,14,223,203,68,
495,489,214,113,307,458,126,157,456,485,381,114,488,342,295,492,
123,218,93,380,225,477,319,304,21,451,188,149,222,381,167,159,
225,471,364,144,164,349,385,414,182,210,7,144,201,466,212,240,
491,190,447,128,26,440,215,164,111,63,242,81,135,261,460,422,
50,463,317,378,134,375,225,60,41,283,353,443,93,195,229,177,
406,80,495,114,102,72,120,453,193,224,309,340,46,470,72,318,
487,314,81,137,105,260,275,441,355,291,412,389,458,379,190,392,
111,293,70,95,408,469,187,289,417,184,273,170,58,260,109,2,
298,219,388,63,279,159,112,254,170,206,177,234,238,15,323,496,
231,154,217,145,222,221,465,461,345,180,487,426,233,45,488,208,
13,173,188,28,119,99,273,142,74,60,335,72,210,80,235,4,
404,158,269,491,329,348,69,103,218,240,285,407,105,240,191,421,
386,391,302,393,266,215,311,49,403,199,80,448,370,9,411,206,
62,321,345,446,262,171,120,359,197,338,236,64,466,84,393,374,
49,104,33,361,336,90,2,360,334,494,292,215,273,438,298,386,
399,493,475,471,249,369,73,491,100,243,378,211,462,462,345,325,
325,428,26,348,195,350,149,449,15,104,36,450,413,29,339,265,
429,151,490,468,221,45,388,371,425,93,260,59,439,73,37,302,
221,288,83,236,397,212,222,331,31,190,238,404,82,426,383,286,
423,153,158,113,234,395,136,386,205,380,365,111,84,102,188,310,
68,44,106,142,368,323,459,148,180,159,455,394,450,22,237,53,
380,232,200,365,464,125,166,431,161,277,392,221,303,205,373,497,
127,100,136,48,477,431,87,273,220,74,167,80,240,445,154,489,
163,402,302,230,268,118,150,399,363,306,356,181,85,306,252,326,
107,221,381,241,482,107,278,475,382,12,293,189,373,281,159,439,
273,351,104,249,383,204,40,99,44,173,10,408,397,54,449,469,
110,474,404,199,321,490,267,53,467,14,11,259,161,29,122,136,
8,443,440,207,433,275,36,226,207,421,205,337,187,500,23,472,
304,100,317,199,431,163,172,312,245,489,71,271,405,102,155,105,
444,349,401,322,167,387,443,94,263,198,11,456,133,471,183,143,
447,396,467,277,385,103,132,395,386,474,388,142,474,375,182,447,
58,297,372,498,52,330,189,313,110,418,351,93,58,362,281,177,
40,307,209,274,494,203,380,356,319,303,271,451,25,357,190,128,
401,498,422,238,320,19,56,248,122,215,16,420,124,85,227,437,
169,182,477,70,388,33,377,40,263,29,362,181,257,354,482,414,
165,296,274,340,17,6,456,436,20,131,416,370,226,313,308,392,
359,73,182,353,127,459,485,89,460,274,303,124,235,361,82,303,
289,261,490,74,248,175,303,250,141,222,16,157,170,351,9,175,
290,242,302,52,364,377,55,311,495,174,332,60,95,55,99,138,
453,432,198,406,287,289,67,77,418,465,387,333,206,276,270,378,
387,491,48,124,342,200,272,60,464,325,168,168,457,465,303,300,
326,475,12,349,211,70,303,347,363,76,378,189,10,319,338,334,
80,58,227,188,333,408,481,430,190,226,190,372,191,418,423,446,
89,26,365,410,336,290,73,82,279,77,16,197,365,408,338,499,
244,101,112,432,167,224,469,99,337,32,284,336,312,79,80,82,
414,178,443,88,406,392,186,417,325,65,94,151,55,115,437,198,
352,391,50,216,309,16,323,205,291,293,222,468,71,345,184,113,
281,268,49,265,428,102,442,105,382,145,294,421,327,410,440,239,
479,237,169,185,96,483,190,182,463,464,412,433,62,62,82,182,
134,449,495,212,116,498,394,280,365,99,455,267,341,202,237,309,
205,404,480,466,412,489,364,253,169,346,45,340,80,80,249,403,
144,192,78,368,302,60,175,99,248,62,155,80,358,477,187,178,
346,417,408,326,420,302,267,306,143,166,253,72,368,402,374,59,
397,407,477,63,497,381,368,424,351,335,207,364,247,278,130,473,
359,146,89,386,222,237,224,462,373,322,281,134,345,190,35,116,
438,183,206,311,229,411,178,58,311,447,463,171,453,280,60,239,
238,121,353,273,371,53,343,391,76,158,363,197,129,464,221,99,
441,206,462,348,363,280,378,82,34,361,205,289,318,18,160,441,
456,428,481,304,27,78,48,118,184,242,408,312,486,86,215,357,
437,217,173,347,66,168,294,417,234,431,326,459,233,46,403,464,
147,409,23,395,500,496,423,209,29,103,59,291,10,491,449,203,
123,499,367,68,148,276,297,110,128,183,108,395,348,107,116,323,
203,344,477,6,357,348,133,14,113,211,439,125,276,198,387,2,
375,425,344,330,487,9,161,11,117,171,478,280,148,346,394,329,
121,282,303,417,360,218,110,226,193,112,384,276,448,183,223,310,
486,335,286,442,385,490,328,361,301,337,378,256,297,391,119,364,
463,17,194,482,460,150,424,103,358,236,271,50,382,3,294,213,
355,291,84,395,420,370,200,236,414,147,165,494,458,106,385,325,
58,499,226,44,208,198,137,321,175,415,210,46,420,101,470,30,
23,339,180,295,329,284,342,215,352,386,255,391,334,292,444,375,
144,273,353,468,156,110,489,119,339,398,29,46,267,91,303,296,
245,27,45,337,286,397,387,270,201,167,194,366,210,319,418,413,
328,92,372,38,421,464,99,75,294,306,387,453,205,325,497,148,
295,193,358,362,355,434,296,114,170,418,36,57,404,150,252,322,
296,44,54,379,26,487,178,249,282,43,368,159,367,219,218,302,
121,385,421,406,59,305,207,45,53,167,383,442,418,73,15,397,
284,61,156,428,185,286,389,392,4,252,294,4,214,106,122,429,
255,361,239,195,403,181,169,422,356,442,378,351,431,339,489,342,
248,92,378,117,182,331,103,421,226,90,310,262,338,247,261,442,
227,4,196,455,287,44,319,127,446,494,447,241,414,16,80,76,
92,145,343,358,453,34,469,27,135,240,179,470,193,43,375,97,
210,332,285,375,288,122,452,288,192,391,100,45,276,76,199,243,
295,491,68,19,398,46,19,443,247,71,49,350,322,363,362,480,
215,318,265,78,290,55,267,217,255,363,413,167,186,204,262,419,
150,247,317,240,44,346,393,201,86,121,205,20,213,451,368,434,
399,429,417,82,292,192,371,217,497,456,274,65,289,67,22,319,
186,356,57,102,206,202,347,311,98,358,266,436,488,429,252,467,
284,78,86,492,308,208,342,341,227,268,356,450,238,185,140,318,
214,19,47,316,361,172,393,155,208,356,334,419,409,85,270,34,
421,221,253,156,470,415,37,343,335,301,409,152,186,63,57,41,
180,12,193,369,196,402,322,120,67,114,44,207,216,251,495,171,
422,311,280,468,448,296,489,273,403,348,105,294,53,225,499,236,
14,323,178,402,150,203,451,294,459,337,90,13,490,498,148,186,
200,384,166,67,366,365,335,121,414,122,128,53,484,461,210,86,
358,220,279,366,463,185,312,172,248,341,71,401,391,344,402,331,
197,234,422,115,5,383,186,64,90,138,127,448,279,324,243,212,
108,336,16,383,11,238,432,44,62,387,298,393,360,172,227,14,
133,140,415,213,481,493,488,180,445,400,491,26,87,196,168,360,
330,389,132,356,341,480,173,83,33,325,304,347,17,314,320,6,
330,174,322,226,154,43,471,302,138,373,303,126,108,149,371,105,
108,281,339,9,500,381,150,378,323,173,326,363,142,24,254,443,
81,184,344,5,428,435,232,233,359,48,191,499,444,77,73,85,
349,23,282,309,465,348,160,433,83,463,57,410,3,464,41,396,
105,44,186,239,147,478,330,431,314,257,151,385,123,203,374,409,
294,421,280,113,96,64,93,465,126,277,99,199,183,219,124,162,
247,468,472,298,306,30,51,121,382,452,147,88,314,467,304,332,
82,341,415,200,91,456,287,470,110,191,225,197,151,97,207,132,
344,199,3,411,28,134,20,422,257,412,82,118,453,148,188,294,
192,412,177,309,301,236,32,254,23,471,398,144,284,355,224,485,
30,282,252,10,404,272,191,243,40,71,477,294,380,384,255,292,
496,70,285,477,457,340,397,16,91,251,57,422,362,155,295,113,
330,365,283,346,162,16,363,139,48,40,206,297,348,447,195,226,
305,254,76,327,185,67,97,302,245,61,185,90,372,485,284,455,
369,35,348,143,290,392,466,278,370,37,429,372,151,309,305,101,
43,29,262,212,481,389,422,128,49,291,347,473,493,414,265,322,
445,131,457,272,38,52,326,278,473,97,257,211,451,87,122,52,
93,212,295,37,444,493,376,233,499,206,124,73,73,100,406,195,
486,414,347,128,126,380,139,209,160,312,241,284,36,354,3,133,
383,143,85,327,63,222,330,12,487,269,332,304,238,71,252,8,
103,296,346,236,351,40,205,221,115,50,413,278,500,221,83,320,
208,340,461,120,473,384,487,408,380,101,448,384,133,117,261,477,
216,310,316,173,313,95,30,377,322,96,127,242,82,197,4,215,
462,144,464,273,240,438,474,165,397,448,282,96,375,26,211,391,
266,218,131,360,165,386,218,409,18,467,330,290,32,264,494,413,
105,384,137,341,402,36,467,459,277,84,248,77,1,219,250,159,
265,121,326,106,143,220,423,107,243,205,80,260,395,11,215,297,
81,447,271,186,440,371,111,367,482,427,99,298,127,415,161,313,
213,489,262,63,450,35,444,464,482,5,364,337,163,197,261,332,
477,415,327,162,1,420,286,71,323,217,267,147,252,317,477,438,
296,79,349,92,246,217,85,20,19,30,27,42,387,179,384,61,
345,329,248,319,59,110,448,410,6,479,303,353,67,209,239,238,
47,475,464,85,479,184,444,287,206,59,355,449,230,348,251,427,
352,202,302,106,80,109,146,257,33,363,160,48,263,442,306,39,
37,170,386,90,143,138,139,327,251,71,341,365,15,292,176,66,
194,89,177,329,405,23,389,15,226,294,359,3,138,114,159,174,
358,262,492,152,412,486,223,227,224,476,276,13,62,488,478,248,
104,411,166,98,338,17,324,399,179,36,90,269,421,84,360,320,
117,245,379,399,73,384,338,446,236,392,418,414,252,214,493,267,
229,405,440,278,313,292,479,132,159,6,80,229,247,262,213,55,
223,178,235,477,342,380,432,455,277,35,366,322,425,409,440,359,
174,390,245,182,414,30,256,170,14,3,214,103,337,499,59,342,
410,85,298,284,375,181,191,276,423,213,69,389,383,447,172,412,
426,340,192,166,160,309,210,377,295,357,53,77,8,43,127,164,
63,449,216,5,292,23,416,234,421,175,219,287,40,305,455,292,
247,25,393,480,113,120,57,270,292,272,446,138,353,277,292,494,
343,317,333,296,193,134,432,182,500,170,364,135,397,434,113,432,
334,162,1,258,467,246,320,123,307,134,454,448,397,487,409,188,
129,124,112,429,159,444,387,334,42,329,30,447,250,365,497,114,
429,436,274,38,45,160,227,330,102,429,141,474,479,333,335,182,
270,429,466,340,225,405,357,249,12,147,154,297,45,286,243,424,
390,140,235,127,350,213,141,232,97,58,216,413,497,101,286,254,
451,353,16,493,183,177,156,435,257,430,499,162,117,374,299,371,
410,328,482,199,322,323,371,480,29,186,370,241,465,253,262,150,
208,500,35,256,470,145,222,452,188,87,35,99,216,379,175,166,
362,319,347,196,497,260,136,461,464,415,276,247,286,132,68,164,
73,213,140,500,110,184,17,417,403,404,41,499,469,412,145,318,
451,161,105,148,436,269,276,16,246,201,295,349,457,16,160,273,
393,176,219,377,351,407,197,184,277,452,463,87,64,254,202,387,
244,331,220,318,71,306,44,291,271,105,95,452,412,365,250,401,
110,129,40,48,465,498,500,459,378,436,9,4,17,89,256,341,
453,171,313,1,383,338,494,491,158,146,413,202,200,441,139,23,
168,476,66,494,306,331,252,225,300,341,163,46,430,382,482,284,
140,42,298,485,284,207,132,388,299,104,455,326,442,379,102,21,
367,74,429,484,265,213,256,475,393,337,330,416,115,247,210,452,
230,203,410,403,96,332,307,345,288,25,294,116,261,129,18,10,
289,37,353,359,341,482,223,122,280,370,246,396,109,258,41,470,
235,76,228,347,257,362,438,154,391,279,100,500,151,335,341,455,
247,455,5,286,238,174,93,288,282,178,179,296,389,158,30,489,
137,469,110,453,175,220,64,350,191,309,281,434,499,160,214,196,
362,218,103,380,457,295,406,59,29,96,370,88,378,201,317,425,
479,121,238,461,334,487,347,269,72,23,326,140,32,433,431,441,
81,441,481,40,169,299,136,303,331,122,70,132,336,401,285,218,
72,45,263,180,106,141,275,317,438,313,445,318,301,352,196,197,
107,74,375,473,219,70,77,207,262,275,38,157,490,478,330,28,
443,468,468,305,289,69,326,244,371,385,236,346,191,294,488,188,
331,227,370,415,381,449,45,169,354,368,276,262,153,356,462,417,
222,192,23,412,57,267,99,498,445,196,155,245,5,214,225,219,
154,152,394,487,281,320,483,415,364,437,295,125,40,234,331,409,
130,336,235,488,366,284,397,156,333,195,50,159,346,253,32,443,
63,383,7,78,90,258,205,452,190,389,280,411,163,332,161,2,
420,270,459,494,146,51,136,406,233,257,11,112,214,322,445,259,
28,112,484,376,174,354,204,423,350,80,69,295,191,226,68,65,
229,404,477,321,175,274,5,420,450,66,275,493,269,129,381,415,
111,181,29,444,294,9,261,257,294,371,455,206,475,420,382,128,
254,224,364,394,444,189,100,324,391,233,180,463,108,76,489,452,
347,242,77,101,500,406,265,493,109,366,1,462,406,249,150,158,
47,422,357,372,228,299,481,194,474,413,429,53,106,333,448,265,
455,29,127,1,240,15,353,179,450,239,28,192,243,258,318,412,122,157,259,418,143,465,129,16,116,47,55,75,241,406,300,281,83,410,304,300,269,128,212,291,113,56,148,82,171,214,338,418,81,252,365,345,48,251,481,63,232,52,361,303,219,334,412,171,182,211,350,18,214,145,345,76,283,84,28,69,326,488,348,122,288,377,410,78,378,449,449,395,72,147,259,101,489,48,419,443,133,399,450,478,275,474,140,173,428,211,332,77,195,65,219,25,428,365,284,494,21,258,320,152,91,245,373,13,226,205,272,206,158,136,166,51,83,410,329,124,156,444,231,415,146,398,327,408,285,425,165,291,439,97,275,202,123,15,363,73,405,479,329,248,86,369,194,183,46,357,470,17,359,144,307,79,129,368,75,316,243,61,440,349,119,36,226,400,11,276,222,110,450,293,437,358,175,256,232,121,345,136,166,34,217,331,472,174,226,433,351,307,457,303,130,126,367,448,15,124,222,157,39,448,112,197,140,419,482,132,342,332,58,335,151,309,41,310,310,58,302,445,464,8,331,262,397,388,248,151,151,232,70,250,294,191,446,399,29,349,285,42,490,266,262,310,183,319,311,71,237,73,345,364,355,268,460,462,184,275,454,221,237,341,224,346,486,182,464,250,31,216,260,110,299,380,407,191,420,60,124,380,475,387,128,243,188,292,376,409,323,403,129,176,224,135,306,376,277,284,104,43,197,124,145,50,199,408,109,364,87,177,235,33,500,191,329,416,469,153,228,251,259,479,116,102,311,242,317,291,371,426,236,20,257,271,437,248,131,158,450,403,1,399,255,142,61,472,301,19,219,220,69,374,324,452,156,378,27,50,74,112,344,491,142,102,482,164,78,231,76,415,215,102,246,377,61,96,393,393,48,274,199,370,185,117,474,216,165,151,458,26,200,422,134,85,420,208,206,50,480,310,423,7,424,42,330,467,376,180,379,145,371,30,359,286
